Bài 2:
a) Cây thứ tự bộ phận
- Thêm lần lượt vào cây: 1, 3, 10, 9, 6, 7, 4, 5, 2, 8
insert(1);
1
insert(3);
3 1
insert(10);
3 1 10
10 1 3
insert(9);
10 1 3 9
10 9 3 1
insert(6);
10 9 3 1 6
insert(7);
10 9 3 1 6 7
10 9 7 1 6 3
insert(4);
10 9 7 1 6 3 4 
insert(5)
10 9 7 1 6 3 4 5
10 9 7 5 6 3 4 1
insert(2);
10 9 7 5 6 3 4 1 2
insert(8);
10 9 7 5 6 3 4 1 2 8
10 9 7 5 8 3 4 1 2 6

- Lấy và xoá giá trị lớn nhất (ở gốc) 4 lần liên tiếp.
delMax();
6 9 7 5 8 3 4 1 2 
9 6 7 5 8 3 4 1 2 
9 8 7 5 6 3 4 1 2 
delMax();
2 8 7 5 6 3 4 1 
8 2 7 5 6 3 4 1 
8 6 7 5 2 3 4 1 
delMax();
1 6 7 5 2 3 4  
7 6 1 5 2 3 4
7 6 4 5 2 3 1
delMax();
1 6 4 5 2 3
6 1 4 5 2 3
6 5 4 1 2 3

b) Cây tìm kiếm nhị phân
- Thêm lần lượt vào cây: 1, 3, 10, 9, 6, 7, 4, 5, 2, 8
Duyệt inOrder
1
1 3 
1 3 10 
1 3 9 10 
1 3 6 9 10 
1 3 6 7 9 10 
1 3 4 6 7 9 10 
1 3 4 5 6 7 9 10 
1 2 3 4 5 6 7 9 10 
1 2 3 4 5 6 7 8 9 10

- Xoá ra khỏi cây: 3, 5, 7, 9
1 2 4 5 6 7 8 9 10 
1 2 4 6 7 8 9 10 
1 2 4 6 8 9 10 
1 2 4 6 8 10 

c) Cây AVL